 372020123 581 125 35183905      1110113101 9 9 93 1 1 1 19
 441050111 581 515 40188,763     1201224112 9 9 91 1 1 1 19
 281200111 5811910 15177252      3310225101 9 9 91 1 1 1 19
 681260123 781 2109990           3311123101 9 9 93 1 1 1 19
 232010123 581 100999174836      1101113101 9 9 93 9 1 1 19
 641180111 7812215 301119296     2211115101 9 9 91 7 1 1 19
 752290111 7811300  51136436     3301213112 9 9 91 4 1 1 19
 732210111 881 330 251140,149    1111113101 9 9 91 1 1 1 19
 592210123 6811930 301           1500113101 9 9 93 1 1 1 19
 321130132 58118309990           1100213101 1 0 02 1 1 1 19
 512010222 6811645 300           1100112101 1 1 02 1 1 1 19
 211130133 481 130 150           3301113101 9 9 93 1 1 1 19
 351260111 481 250 15169496      1101214101 9 9 91 1 1 1 19
 362150133 581 200 150           1311122101 9 9 93 1 1 1 19
 192290111 481 245999166881      1311913301 9 9 91 1 1 1 19
 671180121 7812125 201121313     2201223101 9 9 91 1 1 1 19
 522010111 6811915 26198569      1101294901 9 9 91 7 1 1 19
  31320111 381  30 201           1100223101 9 9 91 9 1 1 19
 411330213 681  30999197,310     1111223101 9 9 91 1 1 1 19
 181200132 4819999999068125      1201223101 1 1 02 1 1 1 19
 691260123 781 100 150           1101223101 9 9 93 1 1 1 19
 501200111 5812110 20189153      2200224101 9 9 91 1 1 1 19
 812020132 8812230 200           1111213101 1 1 02 1 1 1 19
 291110111 5812130 20175,929     3391113901 9 9 91 1 1 1 19
 121070132 4812015 200           1301113101 1 0 12 1 1 1 19
 391260111 5811800 15184977      2201223101 9 9 91 1 1 1 19
 331050132 5812240 400           2200113101 1 1 12 1 1 1 19
 551200132 4812300 250302        2211215101 1 0 02 1 1 1 19
 581270132 681 100 100           2200213101 1 0 02 1 1 1 19
 272030132 481 100 200           1210113101 1 0 02 1 1 1 19
  22290123 381 730999039165      1601213201 9 9 93 1 1 1 19
 631250123 6811510999193566      1100113119 9 9 93 1 1 1 19
 141180111 481 120 301           1101293301 9 9 91 1 1 1 19
  51270123 3812335 130           1101113101 9 9 93 1 1 1 19
 262030111 5812000 20171,648     2201293101 9 9 91 1 1 1 19
 421180113 5812005999184374      1111223101 9 9 91 5 1 1 19
 112290132 4812305 32052895      3311113901 1 1 02 1 1 1 19
 491330132 581 130 200           1101223101 1 0 01 2 1 1 19
 612010123 781 800 300           3500113101 9 9 94 2 1 1 19
 162090123 4811800999155,500     1299993101 9 9 91 1 1 1 19
 202150123 481 630 250           2100113101 9 9 93 1 1 1 19
 451330132 681  30 101           1911994301 0 1 02 1 1 1 19
 741260111 7812240 151133041     2211213101 9 9 91 1 1 1 19
  82150132 481 715 150           3101113301 1 0 02 1 1 1 19
 301120223 581  10 15174090      2211113101 9 9 93 1 1 1 19
 772030111 8811800  51153,347    1200115101 9 9 91 7 1 1 19
  712601239999 9309990           2200227301 9 9 93 1 1 1 19
 461130132 5811830 100           1100113901 1 1 02 1 1 1 19
  11190123 3812015 16181-38,349  1101213101 9 9 93 1 1 1 19
 652150112 581 4159991           3301293101 1 1 11 5 1 1 19
 341130132 5812045 200           1110113101 1 0 02 1 1 1 19
 571120123 68117459991           1501113101 9 9 93 1 1 1 19
 471050123 5812330 40183,837     1111113201 9 9 91 9 1 1 19
 431200123 5811730 200           1201213101 9 9 93 1 1 1 19
  41330123 3812020999136,518     1200993101 9 9 92 9 1 1 19
 622170111 6812043 101111,684    1101223101 9 9 91 1 1 1 19
 102140123 4812020 200           3101223901 9 9 93 1 1 1 19
 531130123 6811120 100           2200114101 9 9 93 1 1 1 19
 662030111 781 245 201132,484    2101224901 9 9 91 1 1 1 19
 382100123 5812115 300           1401214101 9 9 93 1 1 1 19
 151270132 4812300 30163992      1101113901 1 0 02 1 1 1 19
 602030123 681 445 151113,083    3311113901 9 9 91 1 1 1 19
 722100132 781  10 200           1100113101 1 0 12 1 1 1 19
 481140123 6812200 170           1111113101 9 9 93 1 1 1 19
 792020211 881 200 201153701     1201223201 9 9 91 1 1 1 19
  92170113 481 125 20158915      1311224101 9 9 91 7 1 1 19
 782290111 8812020 101153531     1101223101 9 9 91 1 1 1 19
 312030111 5811535999176,368     1201224101 9 9 91 1 1 1 19
 712290111 7812315 201128,679    2201994101 9 9 91 1 1 1 19
 401200111 5812015 20181087348   1101213101 9 9 91 1 1 1 19
 541190132 6812100 151101,041    1201123301 1 0 03 1 1 1 19
 131200111 481 450999156962      2200113201 9 9 91 1 1 1 19
 172010123 4811200 150           3300113101 9 9 93 1 1 1 19
 561250132 6811700 200           3101223901 1 0 02 1 1 1 19
 802290113 88117109991152571     1101225101 9 9 91 6 7 1 19
 251260132 4812250 200           2200213101 1 0 12 1 1 1 19
 762170132 781   5 201133903     1200115101 1 1 02 1 1 1 19
10612601231081 300 20181-193353  3311123101 9 9 93 1 1 1 19
1021200123 981 950 150           1100223101 9 9 93 1 1 1 19
1471200132 2821420 100           1100214101 1 0 12 1 1 1 19
 891330142 3812010 100           1900223101 0 0 04 2 1 1 19
1002090111108116459991193,751    3300225101 9 9 91 1 1 1 19
 932100132 8812020 301162,347    1101223101 1 1 12 1 1 1 19
109202011110812120 201197159     1111223301 9 9 91 1 1 1 19
 882150132 9811900 200           3301113101 0 0 02 1 1 1 19
110120013211811400 151202780     2200294101 0 1 12 1 1 1 19
139203011112811140 151226241     3300224999 9 9 91 1 1 1 19
1511450123 28217009990           1101193101 9 9 93 1 1 1 19
10412601111081  109991193,162    1111223101 9 9 91 1 1 1 19
1162150143 881 530 150           2211113101 9 9 94 1 1 1 19
131120013211811440 150           1101213101 1 0 02 1 1 1 19
12320901131181 4009991219041     1201193101 9 9 91 1 1 1 19
1261450113 182  50 401003049     1101223101 9 9 91 1 1 1 19
 871130123 8811845 301162,295    2210223101 9 9 93 1 1 1 19
13711301111281 8309991           1100123101 9 9 91 1 1 1 19
132120013311812100 150           1200113101 9 9 93 1 1 1 19
1432290113 182 200999110146      3311213101 9 9 91 6 7 1 19
1561130111 182  15 30113303      5501223101 9 9 91 1 1 1 19
1452170112 2822259 15119,986     2201213101 1 1 01 2 1 1 19
1532280111 382 245 10182-031948  1111113101 9 9 91 1 1 1 19
1032240111 8811835 201147399     1111223101 9 9 91 1 1 1 19
13311301121281 700 301226,803    1101223101 0 0 01 6 1 1 19
1491050111 2822330 60117,537     1111115101 9 9 91 1 1 1 19
122126011111811850 201210733     1200214101 9 9 91 1 1 1 19
12723401131281 200 151226,106    1100223101 9 9 91 1 1 1 19
10820401321081 100 301197,361    1111113101 0 0 12 1 1 1 19
 901120123 9811400 201176158     1100213101 9 9 93 1 1 1 19
135201011112811700999181-231367  1201113101 9 9 91 1 1 1 19
1552400132 3821100 200           2311225101 1 0 02 1 1 1 19
105134011110812020 201190,343    2200293101 9 9 91 1 1 1 19
1571260111 2822320 20182-015872  1101223101 9 9 91 1 1 1 19
1301480111 1822345 20182-000,659 1301113101 9 9 91 1 1 1 19
128126013211812100 300           1201113201 0 0 02 1 1 1 19
 861270113 8812115 401159426     1100213213 9 9 91 4 9 1 19
1411410112128115179991232385     2200214101 1 1 01 7 1 1 19
 842140111 88123409991152,109    2211114101 9 9 91 1 1 1 19
 942240132 38123309990           22101241019999992 1 1 1 19
 982240123 9812315 251173062     1210113101 9 9 93 1 1 1 19
111120013210812300 100           1101114101 1 0 02 1 1 1 19
1342400132 182 443 150           1101223101 1 0 02 1 1 1 19
1212100123 8811600 450           2201113101 9 9 93 1 1 1 19
142105011212812150 301233,080    2211115101 1 0 01 7 1 1 19
1542110132 282 225 100           6100993101 0 1 02 1 1 1 19
 991120132 98114409991170529     1111113101 0 0 12 1 1 1 19
114134021312812130 100           2200113101 9 9 93 1 1 1 19
1442470123 1821630 1516207       2100114101 9 9 93 1 1 1 19
11722902331281 8009991224587     3311224101 9 9 93 1 1 1 19
 822100112 8811500 451159,921    1101225101 0 0 01 6 7 1 19
1522240123 3822200 20131370      1111113101 9 9 93 1 1 1 19
 922280132 981 120 200182287     1100113901 1 0 02 1 1 1 19
12924601231281 400 201226788     6701113101 9 9 93 1 1 1 19
11212701231181 115 250           2200114101 9 9 93 1 1 1 19
1361260132 1822200 200           1200113101 1 0 12 1 1 1 19
11520202111081  20 151182903     1101113101 9 9 91 1 1 1 19
1252030132 1822340 200           1111113901 0 0 02 1 1 1 19
1482240123 2821940 28125371      1101113101 9 9 93 1 1 1 19
11922601231281  50 200           3311213101 9 9 93 1 1 1 19
 221310132 481 915 150           2200114101 1 1 12 1 1 1 19
1381190112128116009991235,692    2201994201 0 0 01 7 1 1 19
10112601111081 135 15181-192529  3311223101 9 9 91 1 1 1 19
118120012311811445 150           1111113101 9 9 93 1 1 1 19
 701180213 7812125 301136699     2211223101 9 9 91 1 1 1 19
 9711201111081 645 151184400     3311113101 9 9 91 1 1 1 19
 831130132 8811630 150           1210114101 1 0 02 1 1 1 19
1202460132128122009990           1101113301 1 1 02 1 1 1 19
1462020111 2821930 25124101      1100113301 9 9 91 1 1 1 19
124120013211811655 200           3500213101 1 1 12 1 1 1 19
 851270143 781 120 301137567     2200994901 9 9 94 9 1 1 19
 961120111 9811800 201173511     1101213101 9 9 91 1 1 1 19
113120012311811715 150           1200113101 9 9 93 1 1 1 19
1401260123 1822140 250           2200123101 9 9 93 1 1 1 19
 951130132 981 600 151166293     2200223101 0 1 02 1 1 1 19
 911340113 9812330 201174,375    1100228101 9 9 91 8 1 1 19
1602010112 3822130 25182-40501   3301223901 0 0 01 9 1 1 19
1652680111 382 337  5136,669     2210113101 9 9 91 5 1 1 19
1641620132 3821015 150           1200113101 1 0 02 1 1 1 19
1632400123 482 620 251046276     3311223101 9 9 94 1 1 1 19
 8423102131181 215 201215-088    2211114101 9 9 91 9 1 1 19
1612040123 3822020 35182-39,963  3311223101 9 9 93 1 1 1 19
1622550112 3822212 50182-35879   1100223301 1 0 01 9 1 1 19
1581210132 2822100 200           1110113101 1 0 02 1 1 1 19
1591260111 3822000 15182-034706  1100213101 9 9 91 1 1 1 19
2811480132 3829999 15043769      1111114101 1 0 02 1 1 1 16
107228013210811710 150187006     1100113101 1 0 02 1 1 1 19
2751440132 882 400 450           2100213101 1 0 12 1 1 1 11
2252100111 382 700 45145,204     2200223101 9 9 91 1 1 1 19
1841190132 581 115 20171,999     1101223101 0 1 02 1 1 1 15
260112012312811822 201230282     1101113101 9 9 93 1 1 1 12
3071620132 782 120 200           1111113101 1 0 02 1 1 1 11
2032480132 2821650 25127,420     3100115101 1 0 01 7 1 1 19
2821260132 4822215 150           1301113101 1 0 12 1 1 1 16
2541450222 28219309990           1111223101 1 0 03 3 1 1 15
2211260111 4822010999182-46016   2201224101 9 9 91 1 1 1 19
254113013211812040  50           1111113901 1 0 02 1 1 1 15
9101550211 3821440 60182-43345   3210115101 9 9 91 1 1 1 19
259201012312811615 20181-230224  1111114301 9 9 93 1 1 1 11
2592210223 3821730 150           1111114101 9 9 93 1 1 1 11
2302690123 7821250 200           2200227101 9 9 93 1 1 1 19
2901130123 482  459990           1100123101 9 9 93 1 1 1 15
26121101321281  20 150231,089    3311113101 1 0 12 1 1 1 12
1671330123 381  20 200           1101113101 9 9 93 1 1 1 16
2141620123 482   5 200-61722     2200115101 9 9 93 1 1 1 19
3031450113 78222059991113,743    1101227901 9 9 91 2 9 1 19
2891130143 482 2309990           1110113101 9 9 93 1 1 1 15
2171500132 682 400 300           1101115101 1 1 02 1 1 1 19
1891330132 581  30 200           1111113101 1 0 02 1 1 1 19
2742460113 282 9159991           1200113101 9 9 91 5 1 1 12
2342210143 3821600  3131,188     1101993101 9 9 94 9 1 1 19
2782550123 3822135 20182-43525   2201215101 9 9 93 1 1 1 12
2771550113 3822200 25138413      1201223101 9 9 91 9 1 1 11
1861180113 5812010 25177870      1191224101 9 9 91 9 1 1 12
2402170133 8819999 250           2200116101 9 9 92 9 1 1 12
2132630132 4822147 130           2211117101 1 1 12 1 1 1 19
2411130122 8812100 251156,627    1200223101 1 1 02 1 1 1 15
3062040113 782 1059991121,531    3301213101 9 9 91 5 1 1 15
1882100111 5811915 301           3200223113 9 9 91 4 1 1 15
1902090132 6811125 100           1119113901 1 0 02 1 1 1 11
2091450111 482 415999150642      1201113101 9 9 91 1 1 1 19
1741330132 481 120 100           1111294101 1 0 02 1 1 1 19
250223011310819999 301184162     1211115101 9 9 91 2 8 1 15
2921450113 482 135999162306      1111223112 9 9 91 3 4 1 15
2862110111 482  77 15154,494     3311223101 9 9 91 1 1 1 15
9092170211 3822145 10182-043,535 3101113101 9 9 91 1 1 1 19
3021260111 7822110 201111607     1110227201 9 9 91 7 1 1 11
2802680132 382 220 150           3301213901 1 0 12 1 1 1 17
2491050123 9811640 100           1100223101 9 9 93 1 1 1 16
2121450111 5821900999167339      1101113101 9 9 91 1 1 1 19
3011260132 782  35 200           3311213101 1 0 12 1 1 1 16
25513401221181 130 100           1100223101 1 0 03999999992
25212001111081 220 10181191162   2200213101 9 9 91 1 1 1 15
2992010121 6822110 20182-84,848  2200213901 9 9 93 9 1 1 12
2192690123 6821530 200           1210113101 9 9 93 1 1 1 19
2471200132 981 900 150           1200114101 1 1 12 1 1 1 12
2942550132 5822245 45182-68786   1101123113 1 0 01 2 1 1 16
2152100123 5821945 30181,565     1200214101 9 9 93 1 1 1 19
2681260123 1822115 300           2211223101 9 9 93 1 1 1 12
2222420111 482 125999158815      3311115101 9 9 91 1 1 1 19
 242210123 581 305 18172,960     3111113101 9 9 93 1 1 1 19
2291450112 782 1209991110204     3511113101 1 0 11 2 5 1 19
2361200132 4812200 150           5200123101 1 0 02 1 1 1 19
1952170111 6811850 151111,605    3311113101 9 9 91 1 1 1 12
2641190123 182 300 2511,228      1211113101 9 9 93 1 1 1 12
2641130211 382 500999135,497     1200123101 9 9 91 1 1 1 12
1991330123 881  30 201140686     1100227101 9 9 94 9 1 1 16
2932020123 582  15 15167570      1111113101 9 9 93 1 1 1 12
2162230111 6822235 20186341      1101223199 9 9 91 1 1 1 19
2392040111 881 200 19181-150,868 1100113101 9 9 91 1 1 1 15
1281130223 2821750 150           1200113101 9 9 93 1 1 1 19
26221101121281 315 151231,181    1201223901 1 0 11 6 7 1 11
2351450132 78221309991107,919    1111123101 1 1 01 5 1 1 19
2482020123 9812215 201173033     1111113101 9 9 93 1 1 1 11
1871260132 5811425 100           2201213101 1 0 12 1 1 1 12
2872610123 4829999  50           3101223101 9 9 93 1 1 1 11
1752100132 481 245 600           3111993101 1 0 02 9 1 1 15
2731050122 282 110 300           2201223101 1 0 12 1 1 1 16
1782330111 4812145 30161,798     1100227101 9 9 91 1 1 1 16
1832100113 481 845 40036,895     2200223101 9 9 91 9 1 1 15
2261130111 5822030 15178237      1101113101 9 9 91 1 1 1 19
2261670211 7822100 201115126     1111117101 9 9 91 1 1 1 19
2682020123 2822105 25120511      1200117101 9 9 93 1 1 1 15
2371270132 8812200 601145567     4400118901 1 1 12 1 1 1 11
  62240111 381 150 25145341      1201113101 9 9 91 1 1 1 19
  6210022311812130 200           1201223101 9 9 93 1 1 1 19
2451340132 9812205 201168,524    2200223101 1 0 02 1 1 1 12
1822110111 4812400 10170,567     3301123101 9 9 91 1 1 1 11
1731190132 4811025 40153,882     1111213101 1 0 12 1 1 1 12
3042690123 7821410 200           1100217101 9 9 92 3 1 1 16
1922090113 68123309991101,132    1100293101 9 9 91999999994
308209011110811950 201189,812    1101293101 9 9 91 1 1 1 15
2662240123 1822200 20182-2994    1101223101 9 9 93 1 1 1 12
2281260111 782 225 151108061     3301113101 9 9 91 1 1 1 19
2362400123 8822140 250           5510113101 9 9 94 9 1 1 19
11720301331281 830 150           3311113901 9 9 93 1 1 1 19
1801330133 481 120 10163,336     1101993101 9 9 92999999999
2202050111 6821515 15196,151     1101124101 9 9 91 1 1 1 19
2672240132 1822300 1513494       1101113101 1 0 02 1 1 1 16
25312001111081   59991197262     3111213301 9 9 91 1 1 1 11
1502420232 182 50099919249       1110213101 1 1 12 1 1 1 19
251208013210811120 250185624     2200117119 1 1 03999999991
2062400132 482 545 250           1210113901 1 1 02 1 1 1 19
2981130133 5821715 100           3301113101 9 9 93 1 1 1 15
2691130111 2821600999125894      1300114101 9 9 91 1 1 1 15
2431050112 981 405 201162,601    2211217201 1 0 01 7 1 1 16
2652290143 182  3099912085       1200994101 9 9 94 9 1 1 12
2441130111 9811300 201168,906    2200223101 9 9 91 1 1 1 15
 301130133 581 150 150           2210113101 9 9 93 1 1 1 19
1791260132 4812230 150           1101113301 1 0 02 1 1 1 19
2101620111 482 400 20161234      2200223101 9 9 91 1 1 1 19
2822680143 38222459990           1101213101 9 9 94 9 1 1 16
2971480142 5821820 200           1211119101 1 0 04 9 1 1 12
1682020111 381 150 14139,704     2201123101 9 9 91 1 1 1 11
25822801321281 100 200228971     3110113101 1 0 02 1 1 1 11
2382290111 88121309991147487     5311225912 9 9 91 4 7 1 11
2081620132 482 500 100           2200223101 1 0 02 1 1 1 19
1911200123 6811015 150           1500113101 9 9 93 1 1 1 16
1981260111 781 100999181-137545  3311113101 9 9 91 1 1 1 12
3052180123 782 200 601119712     1111113901 9 9 92 9 1 1 12
1152210112 3811955 30144,437     1101113101 1 1 01 5 1 1 19
1941180122 6812000 251109394     2201113101 1 0 01 2 1 1 12
1722280111 3812300 20149061      2201113101 9 9 91 1 1 1 15
2841410123 4821130 150           2200223101 9 9 94 9 1 1 11
2332400113 782 150 301119952     2200223901 9 9 91 9 1 1 19
1961260111 681 630 15181-113034  1211227101 9 9 91 1 1 1 12
3102400123 8821720 250           1101113101 9 9 93 1 1 1 15
2052680111 4822105999146,045     1101223913 9 9 91 1 1 1 19
1702150132 3811705 200           1100114101 1 1 02 1 1 1 11
1702080223 282 1409990           1111113101 9 9 93 1 1 1 11
1931140123 6812055 150           1111213301 9 9 93 1 1 1 11
1192240222 382  30 371           3311113101 1 1 12 1 1 1 19
2182400111 6821330 20182-090111  1200213101 9 9 91 1 1 1 19
2232030122 2821945 200           1310114901 1 1 02 1 1 1 19
2761200143 382 600 25032598      2211193101 9 9 94 9 1 1 11
2311450113 7822215  51117,610    1101223101 9 9 91 9 1 1 19
2011130132 8811930 200           1101114101 1 0 02 1 1 1 11
  1134021110811935 151191,584    1101223101 9 9 91 1 1 1 19
  1120031111812015 15181216330   1110113101 9 9 91 8 1 1 19
2702110143 2822130 12027567      1301213101 9 9 94 9 1 1 11
1982030123 781   0 500           2200213901 9 9 93 1 1 1 11
1771200132 481   5999058777      1101223101 1 0 02 1 1 1 15
2322100122 482 230 35153,891     1101113101 1 0 12 1 1 1 19
2712550123 282  45 20127158      3311117101 9 9 93 1 1 1 15
2712550221 3821929113182-30785   3310113101 9 9 94 9 1 1 15
2712170311 382  15 10182-36,540  3311213101 9 9 91 1 1 1 15
2021130132 8811410 150           1101114101 1 1 02 1 1 1 16
2722240111 2821950 20128575      2200113101 9 9 91 1 1 1 16
 701180122 7812100 100           2211223101 1 0 03999999999
 70120033211812000 150           2211213101 1 0 02 1 1 1 19
3091260123 6811200 150           1200213101 9 9 93 1 1 1 12
2421260111 8812140 151160187     1100113101 9 9 91 1 1 1 12
2562290143118120009991217745     1211213101 9 9 93 1 1 1 11
1691260132 381 945 150           1100113101 0 0 02 1 1 1 16
1661200111 381 850 20136180      3100213101 9 9 91 1 1 1 15
1711330111 3812030 20149,588     1901293101 9 9 91 1 1 1 15
2961620123 5821645 20170424      2201223101 9 9 93 1 1 1 15
3002690123 6821800 20199613      2211115101 9 9 93 1 1 1 12
2852100112 4822100 35153,840     1100293101 1 0 11 5 9 1 16
2072170123 5821900 150           1110115101 9 9 94 9 1 1 19
1851330132 581  50 200           2201213101 1 1 02 1 1 1 19
2272690123 6821600 200           1311113101 9 9 93 1 1 1 19
2441050123 9811510 600           2200115101 9 9 93 1 1 1 12
2112400123 482 420 200           3311223901 9 9 93 1 1 1 19
1972020123 781 100 250           3101224101 9 9 93 1 1 1 12
2002170111 8811850 201142,846    1191113101 9 9 91 2 9 1 16
2042210123 4821300 10146,410     3311113101 9 9 93 1 1 1 19
1811200123 4812300 200           2200213101 9 9 93 1 1 1 12
2912450132 482 2109990           1100123101 1 1 02 1 1 1 16
2831450111 4822135999149,793     2201126301 9 9 91 7 1 1 12
2881130122 48223159990           1100113101 0 0 02 1 1 1 11
 512170211 581  50 10172,856     1101113101 9 9 91 1 1 1 14
 411130113 5811750 100           1100223101 9 9 93 1 1 1 15